6.07177e-08 3.92411e+09 2.03653e-07 4.48588e+07 2.38336e+08
0 1.51849e+10 0 6.58103e+07 7.77507e+08
3.41061e-13 10350.3 9.44192e-09 354.921 1364.16
0 208.978 9.64332e-09 7.00002 21.5359
1.7053e-13 74.7734 2.98488 14.537 19.5292
3.356e-07 40.1586 1.52402e-06 2.57515 6.33459
10.652 101.714 13.6178 28.6796 21.8763
1.13687e-13 71.2414 2.98488 14.7605 18.6541
0 342.08 8.74803e-09 8.39996 32.1495
0.0624545 2363.78 12.0169 515.758 753.533
0 380.549 0.994959 19.0682 47.6859
11.3811 1.99793e+07 525.811 492397 1.86607e+06
3.75917e-09 490877 7.2681 7267.49 32842.4
1.2513e-07 10642.6 22.0117 211.892 890.583
0.00712661 28749.3 2.54773 834.24 3406.65
0.237887 574.407 1.70643 64.0495 121.824
1.04428 280.074 31.597 51.6445 44.5507
0.497429 4.70168e+06 29.4841 52880.1 351878
0.141175 27650.4 2.69881 688.939 2637.63
0.312188 346.027 21.0498 53.0898 69.3244
174.212 273.514 203.992 215.081 20.0494
100 287.545 100 107.837 22.1882
300 427.561 302.882 315.502 24.9157
100 451.187 328.319 320.653 64.8484
397.743 650.886 427.86 424.435 28.8427
200 1101.93 300 325.882 89.1763
393.819 534.986 396.243 400.811 14.8466
300 712.606 583.745 538.182 116.354
226.971 595.927 246 280.434 72.2919
394.501 1.12718e+07 516.789 350552 954870
