0.00624171 1.68751e+10 6031.7 8.10238e+08 2.52414e+09
5464 5.23411e+36 8.1029e+13 1.00207e+34 2.00797e+35
913.096 187353 31571.5 48321.7 43729.1
28.7973 2103.93 114.042 197.325 290.508
17.8642 321.392 141.339 133.201 87.0388
0.0172556 57.0134 0.567096 6.621 13.0774
53.2884 511.574 209.336 218.501 74.7999
17.5366 300.891 141.609 129.616 85.6446
2.44399 7595.03 43.6205 431.805 1032.25
5969.05 8892.15 7181.54 7286.71 598.282
25.5623 8000.44 115.178 738.001 1385.6
5582.12 9.38541e+08 107276 4.78207e+07 1.616e+08
248.213 3.16299e+08 27427.9 1.16487e+07 4.35229e+07
737.352 3.36553e+06 15910.9 129706 333025
2136.3 7.36799e+07 35586.9 2.43736e+06 8.88516e+06
8.93583 2824 1145.65 1119.5 666.579
44.5725 1410.2 221.76 349.203 302.402
89588.5 3.38575e+07 700927 2.43826e+06 4.41359e+06
659.482 7.1319e+07 17793.9 2.95538e+06 1.07045e+07
49.2269 1378.04 478.341 536.391 324.261
215.091 507.567 326.593 321.4 84.06
100 8504.19 102.453 332.926 928.228
367.543 745.822 415.701 468.826 98.231
445.573 793.156 490.09 543.956 94.3636
383.641 1026.52 411.589 452.468 118.564
200 5441.75 1606 2036.2 1079.24
495.262 820.045 536.699 548.744 46.0182
377.365 1712.42 458.333 523.934 213.686
496.077 2734.74 748.55 969.717 505.533
4146.37 8.65075e+07 42506 3.33623e+06 1.08282e+07
