0.626125 1004.62 349.906 389.18 292.521
9.32573e+09 5.12766e+12 7.0746e+11 1.25439e+12 1.35133e+12
504.235 1137.28 884.18 864.997 184.112
0.282526 137.474 80.817 91.3154 35.782
154.218 218.89 203.965 200.903 13.6062
22.1849 37.0386 32.6587 31.8194 3.87138
183.988 326.776 286.756 277.887 33.8722
167.153 219.885 203.966 199.167 15.0217
4424.97 7134.41 6053.22 6064.5 720.445
3616.57 5894.45 5321.16 5200.55 545.591
92.2727 144.867 129.096 127.35 14.3538
159568 833119 613271 551747 201277
61.2334 2028.76 683.858 846.967 557.597
1214.13 31782.6 23392.2 19541.4 9904.56
215.186 3022.16 924.26 1194.52 771.847
486.006 1537.62 1285.59 1238.85 226.156
650.38 1226.44 1058.04 1028.1 152.214
66339 374674 197566 208999 85877.2
1234.96 13860.1 9603.85 8667.33 3874.77
343.858 1026.41 811.453 770.166 189.98
381.495 460.689 436.551 433.137 21.1511
102.957 6800.27 6112.03 5973.68 979.471
883.268 1154.08 1073.43 1062.7 70.1591
868.225 1180.83 1084.84 1077.63 69.9931
461.715 572.69 545.199 540.705 27.395
300 7151.3 6802.83 5449.36 2568.9
1051.86 1709.56 1470.93 1458.55 168.192
458.862 508.101 490.516 488.582 17.7612
938.49 1804.05 1541.34 1515.22 207.1
634859 840463 793321 780989 47739.8
