1.02853 11 7 6.99511 2.39135
1.02666 150 59 75.2602 36.5872
1.02839 9.09514 5 4.79198 0.541628
1.35702 6.64964 2 2.43538 0.760557
1.22026 9.88361 2 2.22015 0.642317
1 7.38324 1 1.06438 0.498367
1.20039 7.45043 2 2.42083 0.605842
1.22112 9.74831 2 2.27092 0.665985
1.30635 5.2262 4 3.97139 0.29153
1.01312 8.9617 4 3.99585 0.546819
1.06918 9.17183 3 3.24586 1.00404
1.2289 10 7 7.38531 1.54616
1.019 10 3 4.70426 2.49664
1.01648 9.3768 5 5.40385 0.800459
1.8289 9 2 3.72763 2.37765
1.15802 7.61081 3 3.06302 0.32774
1.62375 8.02329 3 3.05547 0.361714
1.15045 8.94912 6 5.60619 0.71734
1.18536 9.6407 2 3.782 2.4312
1.63412 4.52828 3 2.983 0.173959
1.08419 9.64018 3 2.9609 0.787803
1.13032 4 4 3.95309 0.345909
1.86929 3.63091 3 2.98538 0.127778
1.59553 7.46118 3 2.99158 0.243804
1.11399 9.09677 2 2.50035 0.832411
1.10452 5.52721 4 3.85947 0.503237
1.08166 7.1377 3 2.98078 0.276123
1.03682 8.43643 2 2.5271 0.869191
1.0012 8.34874 3 3.13342 0.422017
1.09959 10 5 5.58952 2.20318
