0 7.76992e+39 1 3.03731e+37 3.51922e+38
4.36501e-09 114258 7.24164e-07 11746.3 26079.7
0.0356731 3122.19 58.566 203.073 380.766
1.98992 349.153 6.96473 92.3338 108.898
3.85217e-07 73.2846 0.000810301 8.88982 17.231
32.7037 428.131 173.908 150.725 112.291
0.994959 309.875 8.37371 90.0002 102.833
5.21743e-09 5623.17 3.44073e-07 414.757 1060.73
5.26953 8808.5 492.153 3095.04 3466.63
1.98992 8105.99 65.9489 497.801 1353.17
362.65 3.65913e+09 1630.78 1.97485e+08 5.64143e+08
8.95463 2.53954e+09 120.017 6.36588e+07 2.42567e+08
11.9395 3.57388e+06 29.9829 146215 439151
5.06516 6.15367e+07 51.6612 1.51929e+06 5.88209e+06
2.82796 3360.31 146.395 749.167 975.892
20.3971 1713.15 108.557 333.533 424.797
21.4818 3.35055e+07 46.4913 1.17132e+06 3.86588e+06
6.27031 1.16545e+08 25.1584 2.15466e+06 8.26391e+06
20.4164 1350.44 141.597 327.312 364.775
200 565.632 213.971 288.265 106.599
100 2692.52 100.002 299.314 471.332
338.731 1090.53 358.149 478.469 195.174
404.457 1129.39 423.008 533.996 176.451
386.688 1083.7 386.704 429.274 102.472
200 7042.93 827.742 1727.67 1746.32
490.794 1342.74 514.203 594.543 169.013
300 2334.19 395.43 524.053 396.892
393.713 3339.86 519.668 882.481 709.199
1946.71 2.0845e+08 2347.9 7.66618e+06 2.3357e+07
