3 9.97443e+167 3.86383e+54 2.16381e+165 inf
4.49929e-07 670680 8.31878 127387 189827
182.38 85676.7 235.927 12439.2 21727.7
4.97486 1618.51 674.829 645.226 574.318
0.000360549 118.425 0.597654 31.132 44.164
112.277 3045.69 876.469 1181.31 761.739
1.99002 1774.54 669.835 677.035 622.353
2.61688e-07 94095.3 4.21529 19650 31098.5
12.9981 33557.7 21874 18779.5 12678.7
21.9104 335359 420.028 56428.3 89142.2
3287.37 1.56735e+11 2.90591e+06 2.95653e+10 4.89477e+10
265.671 3.76938e+10 33195.4 5.94821e+09 1.02765e+10
33.6967 1.96733e+08 477.424 1.29017e+07 2.46419e+07
148.789 1.75369e+10 9101.19 2.53612e+09 4.54512e+09
11.5324 20914 3905.61 6077.76 6314.89
43.5002 2.77504e+06 2769.27 137908 373148
59.3062 2.85142e+08 487.113 2.3621e+07 4.73205e+07
62.0687 1.73322e+10 1861.55 2.61292e+09 4.63318e+09
150.733 6867 2596.94 3074.88 2247.99
224.856 2817.65 955.253 1089.57 870.751
100.002 35422.2 131.48 10243.9 14741.2
525.612 6553.85 939.53 1963.66 1800.59
793.031 10634.7 1285.5 3094.21 3054.69
576.973 20975.8 761.524 4577.9 6357.5
1665.05 50194.6 6129.52 14913.3 15764.6
539.613 11075.6 611.156 2661.28 3193.89
473.228 29218.3 544.57 6209.41 9169.35
576.57 364277 3137.1 22061.7 47214.5
2364.46 3.48537e+10 32954.3 4.54019e+09 8.18859e+09
